64,46,73,40,84,13,52
8,44,85,94
50,14,47,37,97,55,83,17
89,11,60,13,79,95,99
30,24,42,57,79
38,91,57,82,95
61,12,95,47,12,20,47,88
2,95,22,88
90,56,95,88,46
73,89,17,56,90,32,82,82,57,57
31,99,53,11,15
26,3,33,71,1
13,53,46
12,50,51,30
51,4,31
83,61,96,46,19,65
26,69,84,19,3,29,92,67,5
17,83,82,36,75,24,2,1
51,88,100,65,57,2,65,63,43
77,79,60,64,15,91
31,10,60,94,50,40,12,60,32,63
17,44,20,6,11,65,57,94
73,100,62,87,11,78,100,29,42
83,56,30,64,12,1,90,33,49,25
52,90,85,45,74,44,14,22,21,57
99,78,48,3,90,20
4,64,5,43,37,1
38,78,13,6,18,6,10,41,82
12,74,46,34,10,97,4,89
35,55,4,78
30,75,99,60,57,99,98
52,53,3,88
4,48,59,11,73
19,25,85,76
29,28,9,16,57,47,87,41,67
53,24,91,2,7,87,81
88,33,53,87,18,34,76,21
48,97,3,3,88
22,18,15
11,67,25,59,91,98,30,52,30,88
27,46,10,65,72,78,40,66,22
76,56,3,84,11
28,93,9,34,14,22,18,84,57
31,17,31
65,5,55,92
43,97,22,61,26,63
78,63,61
86,19,31,76,49
36,95,93,93,61,13
47,89,74,93
5,71,12,81
60,50,15
65,33,25,24,1
10,82,46,85,1
25,90,51,28,94,54,29,96
11,71,93,45,94,38
93,4,36
97,20,79,74
69,77,95,8,23,25,12,4,83
35,17,99,28,52,20
19,65,29
17,66,83,96,10,59,15,29,81
78,47,4
66,51,48
48,27,41,63,2
38,4,17,43,9
39,35,26,73,38
88,24,62,34,8,72,15,67
22,58,27
5,100,31
14,71,1,14
12,41,33
3,24,63,81,76,97,81,94
84,95,40,19,19,74
1,31,90
87,85,57,19,61,15,13,27
93,71,6,65
58,4,58,40,44,52,84,94,8
86,46,41,21,14,100
36,95,58,39,65
6,85,69,41,54,41,59,33,57,21
61,53,65,49,7,49,26,51
67,81,87,33,87,86
26,3,58,91,67,4,80,92,74,19
92,28,39
81,78,6,20
58,8,74,46,38,75,48,91,67
66,63,1,20,62
46,38,17,87,77
33,31,42,96,82,78,21,42,9
71,26,22,46,64
8,23,29,34,69,2
37,36,47,93,67,29,22,58
67,84,92,68,16,24,39,89,22
93,36,80,91,22,1
44,20,22,92,89,85,61,80,4
80,9,10,81,90
55,95,99,69,65,90,80,65
13,95,4,4,71,82,9
89,97,9,1,24,96
